X =

    1.0000    6.1101
    1.0000    5.5277
    1.0000    8.5186
    1.0000    7.0032
    1.0000    5.8598
    1.0000    8.3829
    1.0000    7.4764
    1.0000    8.5781
    1.0000    6.4862
    1.0000    5.0546
    1.0000    5.7107
    1.0000   14.1640
    1.0000    5.7340
    1.0000    8.4084
    1.0000    5.6407
    1.0000    5.3794
    1.0000    6.3654
    1.0000    5.1301
    1.0000    6.4296
    1.0000    7.0708
    1.0000    6.1891
    1.0000   20.2700
    1.0000    5.4901
    1.0000    6.3261
    1.0000    5.5649
    1.0000   18.9450
    1.0000   12.8280
    1.0000   10.9570
    1.0000   13.1760
    1.0000   22.2030
    1.0000    5.2524
    1.0000    6.5894
    1.0000    9.2482
    1.0000    5.8918
    1.0000    8.2111
    1.0000    7.9334
    1.0000    8.0959
    1.0000    5.6063
    1.0000   12.8360
    1.0000    6.3534
    1.0000    5.4069
    1.0000    6.8825
    1.0000   11.7080
    1.0000    5.7737
    1.0000    7.8247
    1.0000    7.0931
    1.0000    5.0702
    1.0000    5.8014
    1.0000   11.7000
    1.0000    5.5416
    1.0000    7.5402
    1.0000    5.3077
    1.0000    7.4239
    1.0000    7.6031
    1.0000    6.3328
    1.0000    6.3589
    1.0000    6.2742
    1.0000    5.6397
    1.0000    9.3102
    1.0000    9.4536
    1.0000    8.8254
    1.0000    5.1793
    1.0000   21.2790
    1.0000   14.9080
    1.0000   18.9590
    1.0000    7.2182
    1.0000    8.2951
    1.0000   10.2360
    1.0000    5.4994
    1.0000   20.3410
    1.0000   10.1360
    1.0000    7.3345
    1.0000    6.0062
    1.0000    7.2259
    1.0000    5.0269
    1.0000    6.5479
    1.0000    7.5386
    1.0000    5.0365
    1.0000   10.2740
    1.0000    5.1077
    1.0000    5.7292
    1.0000    5.1884
    1.0000    6.3557
    1.0000    9.7687
    1.0000    6.5159
    1.0000    8.5172
    1.0000    9.1802
    1.0000    6.0020
    1.0000    5.5204
    1.0000    5.0594
    1.0000    5.7077
    1.0000    7.6366
    1.0000    5.8707
    1.0000    5.3054
    1.0000    8.2934
    1.0000   13.3940
    1.0000    5.4369

